Probabilistic Output.
Iris-setosa Iris-versicolor Iris-virginica 
0.9890270665691295, 0.0043891733723482075, 0.006583760058522311, 
0.9999735848059804, 1.7610129346400045E-5, 8.805064673200022E-6, 
0.997234003319196, 0.0016595980084823897, 0.0011063986723215931, 
0.9926578560939796, 0.005873715124816445, 0.0014684287812041113, 
0.9988917620982638, 2.770594754340598E-4, 8.311784263021794E-4, 
0.9991554054054054, 2.815315315315315E-4, 5.63063063063063E-4, 
0.9999735848059804, 1.7610129346400045E-5, 8.805064673200022E-6, 
0.9999735848059804, 1.7610129346400045E-5, 8.805064673200022E-6, 
0.9988917620982638, 7.388252678241594E-4, 3.694126339120797E-4, 
0.9999735848059804, 8.805064673200022E-6, 1.7610129346400045E-5, 
0.9990301574839514, 5.54195723456334E-4, 4.1564679259225044E-4, 
0.9999735848059804, 1.7610129346400045E-5, 8.805064673200022E-6, 
0.9996765100050834, 1.3863856924996532E-4, 1.848514256666204E-4, 
0.9994455738310848, 3.696174459434484E-4, 1.848087229717242E-4, 
0.9999735848059804, 1.7610129346400045E-5, 8.805064673200022E-6, 
0.9926578560939796, 0.005873715124816445, 0.0014684287812041113, 
0.9998591350894492, 1.0564868291308637E-4, 3.5216227637695446E-5, 
0.9926578560939796, 0.005873715124816445, 0.0014684287812041113, 
0.9988917620982638, 2.770594754340598E-4, 8.311784263021794E-4, 
0.9983385637806904, 0.0012922281705741183, 3.6920804873546233E-4, 
0.9988917620982638, 2.770594754340598E-4, 8.311784263021794E-4, 
0.9999735848059804, 1.7610129346400045E-5, 8.805064673200022E-6, 
0.9996765100050834, 1.3863856924996532E-4, 1.848514256666204E-4, 
0.9999735848059804, 1.7610129346400045E-5, 8.805064673200022E-6, 
0.9988917620982638, 7.388252678241594E-4, 3.694126339120797E-4, 
0.002235885969815538, 0.9642258244829514, 0.03353828954723308, 
1.8989745537409793E-4, 0.9827193315609571, 0.01709077098366881, 
9.644131545954284E-5, 0.9981676150062687, 0.0017359436782717714, 
0.002310469314079421, 0.996389891696751, 0.0012996389891696749, 
0.0034617048896581556, 0.99524015577672, 0.0012981393336218084, 
2.8530670470756046E-4, 0.9843081312410842, 0.015406562054208267, 
8.554319931565438E-4, 0.9837467921300257, 0.015397775876817793, 
1.2873326467559211E-4, 0.9992919670442844, 5.792996910401647E-4, 
7.703418391911405E-4, 0.9966297544535387, 0.0025999037072700995, 
1.6556291390728471E-4, 0.9995860927152318, 2.4834437086092704E-4, 
5.614823133071308E-4, 0.9825940482874791, 0.016844469399213927, 
1.8989745537409793E-4, 0.9827193315609571, 0.01709077098366881, 
7.094714437743879E-4, 0.07981553742461867, 0.9194749911316069, 
1.9120458891013376E-4, 0.9894837476099426, 0.010325047801147227, 
3.8598861333590635E-4, 0.9987455370066584, 8.684743800057895E-4, 
1.6556291390728471E-4, 0.9995860927152318, 2.4834437086092704E-4, 
1.6556291390728471E-4, 0.9995860927152318, 2.4834437086092704E-4, 
1.4415453366008353E-4, 0.994666282254577, 0.0051895632117630085, 
0.0013812154696132592, 0.10359116022099447, 0.8950276243093923, 
0.03420195439739413, 0.9364820846905537, 0.029315960912052113, 
7.703418391911405E-4, 0.9966297544535387, 0.0025999037072700995, 
3.8598861333590635E-4, 0.9987455370066584, 8.684743800057895E-4, 
2.8752156411730864E-4, 0.9919493962047153, 0.007763082231167334, 
3.8598861333590635E-4, 0.9987455370066584, 8.684743800057895E-4, 
7.703418391911405E-4, 0.9966297544535387, 0.0025999037072700995, 
5.7567209717344984E-5, 0.005181048874561048, 0.9947613839157216, 
1.2411567580985477E-4, 0.9991311902693311, 7.446940548591287E-4, 
2.1500752526338416E-4, 0.009030316061062136, 0.9907546764136744, 
0.0025967602324718678, 2.47310498330654E-4, 0.9971559292691974, 
1.1564704521799466E-4, 6.938822713079681E-4, 0.9991904706834741, 
1.284356537374775E-4, 0.0011559208836372976, 0.9987156434626253, 
0.003225806451612903, 0.06774193548387096, 0.9290322580645162, 
3.469210754553339E-4, 5.20381613183001E-4, 0.9991326973113617, 
7.713668620796048E-5, 2.3141005862388153E-4, 0.9996914532551682, 
0.0025967602324718678, 2.47310498330654E-4, 0.9971559292691974, 
8.262414277451868E-5, 4.957448566471122E-4, 0.9994216310005785, 
5.76867608883761E-4, 0.002595904239976925, 0.9968272281511394, 
0.010989010989010988, 0.5934065934065934, 0.39560439560439564, 
0.002375296912114014, 0.14251781472684086, 0.8551068883610451, 
0.004149377593360995, 0.09958506224066391, 0.896265560165975, 
4.335573379579448E-4, 0.016258400173422935, 0.983308042488619, 
4.130353971335341E-5, 7.434637148403615E-4, 0.9992152327454462, 
0.0025967602324718678, 2.47310498330654E-4, 0.9971559292691974, 
5.780680964217583E-5, 0.0010405225735591651, 0.9989016706167986, 
3.043213633597078E-4, 0.3423615337796713, 0.6573341448569691, 
0.0036263166983249873, 0.001726817475392851, 0.9946468658262821, 
3.4662045060658575E-4, 0.001386481802426343, 0.9982668977469671, 
4.315925766076823E-4, 0.005179110919292189, 0.9943892965041002, 
5.743825387708213E-4, 0.0068925904652498565, 0.9925330269959795, 
1.441545336600836E-4, 0.003459708807842007, 0.996396136658498, 

